spawns: 
  default: 
    world: LobbyEW
    x: -0.5295260455793559
    y: 77.0
    z: -7.489507503572762
    yaw: -180.2999
    pitch: -5.550013
